WindowX=0
SplitterH.SplitRatio=0.500000
PerspectiveCameraLocY0=269.716827
PerspectiveCameraLocX3=0.000000
PerspectiveCameraRotY1=0.000000
SplitterV.SplitRatio=0.500000
PerspectiveCameraRotX2=0.000000
ShowFlag1=63
CameraSpeedSetting0=1
CameraSpeedScalar0=0.451243
PerspectiveCameraRotY2=0.000000
PerspectiveCameraLocX0=-93.749451
GridSize0=10.000000
PerspectiveCameraLocZ0=150.952850
ShowFlag3=63
CameraSpeedSetting2=1
PerspectiveCameraRotX0=0.000000
PerspectiveCameraLocX2=0.000000
PerspectiveCameraRotY0=29.351442
PerspectiveCameraRotZ0=-423.650696
PerspectiveCameraRotX3=0.000000
CameraSpeedSetting1=1
ShowFlag0=8190
ViewMode0=4
ViewportType0=0
CameraSpeedScalar1=1.000000
Zoomed=0
GridSize1=10.000000
PerspectiveCameraRotY3=0.000000
PerspectiveCameraLocX1=0.000000
ScreenHeight=1025
PerspectiveCameraLocY1=0.000000
PerspectiveCameraLocZ1=0.000000
CameraSpeedSetting3=1
ShowFlag2=63
PerspectiveCameraRotX1=0.000000
WindowHeight=1168
PerspectiveCameraRotZ1=0.000000
ViewMode1=0
ViewportType1=3
CameraSpeedScalar2=1.000000
GridSize2=10.000000
PerspectiveCameraLocY2=0.000000
PerspectiveCameraLocZ2=0.000000
PerspectiveCameraRotZ2=0.000000
ScreenWidth=1536
ViewMode2=0
ViewportType2=3
CameraSpeedScalar3=1.000000
GridSize3=10.000000
PerspectiveCameraLocY3=0.000000
PerspectiveCameraLocZ3=0.000000
PerspectiveCameraRotZ3=0.000000
ViewMode3=0
ViewportType3=3
WindowY=0
WindowWidth=1936
OrthoZoomSize=301.000000
ActiveViewportIndex=0
bMultiView=0
OrthoPivotX=359.897736
OrthoPivotY=0.000000
OrthoPivotZ=136.450699
